Date,Revenue,Expenses,Profit
2023-07-23,6779,9187,-2408
2023-11-11,15221,7708,7513
2023-12-07,8686,8693,-7
2023-05-01,5711,4666,1045
2023-01-18,6852,9987,-3135
2023-12-29,15746,6135,9611
2023-09-20,13435,9462,3973
2023-05-18,6487,8806,-2319
2023-01-12,14900,9133,5767
2023-11-17,18019,6998,11021
2023-02-02,11866,2198,9668
2023-08-12,17425,2303,15122
2023-02-09,19270,2226,17044
2023-10-13,19538,6495,13043
2023-03-25,9684,9626,58
2023-08-02,12276,5996,6280
2023-05-16,13720,3537,10183
2023-08-23,9835,6687,3148
2023-07-16,15477,8758,6719
2023-12-03,15878,4375,11503
2023-06-19,19301,6359,12942
2023-03-15,16181,8411,7770
2023-08-30,13207,6342,6865
2023-01-14,18716,4273,14443
2023-05-18,18534,7817,10717
2023-06-23,6749,3722,3027
2023-11-23,18973,6964,12009
2023-02-20,12002,7335,4667
2023-10-10,5426,4215,1211
2023-12-17,13509,3534,9975
2023-11-05,9773,4143,5630
2023-12-22,5982,9522,-3540
2023-11-15,13760,4739,9021
2023-03-25,17044,5930,11114
2023-02-23,11363,2554,8809
2023-08-11,6736,4858,1878
2023-12-18,8923,9049,-126
2023-01-23,15046,2965,12081
2023-02-14,14888,5998,8890
2023-01-16,9347,6145,3202
2023-06-04,18863,4031,14832
2023-10-21,16231,3872,12359
2023-08-09,19674,9194,10480
2023-09-20,10900,8237,2663
2023-11-06,17968,7244,10724
2023-12-13,13423,4662,8761
2023-06-10,6835,7421,-586
2023-07-25,12652,9433,3219
2023-02-01,18283,4508,13775
2023-05-30,5097,4139,958
2023-11-21,14108,7198,6910
2023-09-10,7166,3715,3451
2023-12-15,8386,9669,-1283
2023-08-12,13670,8739,4931
2023-11-27,7551,4721,2830
2023-09-04,18831,8946,9885
2023-07-28,7269,6897,372
2023-06-21,8642,8186,456
2023-03-22,18152,6275,11877
2023-02-04,11807,7399,4408
2023-12-12,8069,4938,3131
2023-01-30,10628,3172,7456
2023-01-13,13379,6314,7065
2023-04-02,11457,7378,4079
2023-09-23,12026,4266,7760
2023-07-15,8595,5357,3238
2023-09-23,5804,6652,-848
2023-10-19,14652,7063,7589
2023-03-09,16087,3035,13052
2023-01-04,8505,9404,-899
2023-01-13,17057,7242,9815
2023-08-17,15884,4300,11584
2023-10-15,12887,2813,10074
2023-10-29,16809,9599,7210
2023-12-12,14286,8980,5306
2023-09-29,10257,7197,3060
2023-03-20,12980,5520,7460
2023-10-19,19415,9060,10355
2023-02-27,13882,5231,8651
2023-10-23,10855,7395,3460
2023-08-06,18113,8282,9831
2023-06-24,14109,5015,9094
2023-09-03,8534,2793,5741
2023-03-21,5600,6277,-677
2023-09-30,19009,2838,16171
2023-09-07,9688,4220,5468
2023-07-11,8139,2880,5259
2023-08-07,18512,3335,15177
2023-04-28,19084,2770,16314
2023-05-23,15631,9041,6590
2023-09-16,15440,8648,6792
2023-03-08,5917,9544,-3627
2023-08-04,18688,9452,9236
2023-07-02,7723,6003,1720
2023-02-20,12058,3192,8866
2023-11-24,14217,3042,11175
2023-11-09,11789,9481,2308
2023-08-04,10270,2409,7861
2023-11-17,5951,3912,2039
2023-01-23,15698,9144,6554
2023-05-15,5478,2998,2480
2023-06-01,9492,8845,647
2023-09-26,5416,7565,-2149
2023-10-06,11021,3010,8011
2023-02-03,7452,3773,3679
2023-08-13,6367,4412,1955
2023-11-21,15824,2137,13687
2023-01-02,8219,5555,2664
2023-08-10,5273,7982,-2709
2023-04-06,16751,9074,7677
2023-11-14,9429,2145,7284
2023-08-27,15562,8401,7161
2023-01-19,12179,9355,2824
2023-11-02,17242,8570,8672
2023-06-06,11141,9532,1609
2023-03-11,6383,8270,-1887
2023-08-27,6858,8930,-2072
2023-09-17,6441,6734,-293
2023-12-15,11694,3538,8156
2023-12-10,5280,9302,-4022
2023-10-24,17713,4199,13514
2023-08-31,11306,9787,1519
2023-09-13,17022,8451,8571
2023-05-18,9020,9512,-492
2023-04-06,7552,9094,-1542
2023-06-10,17515,5834,11681
2023-09-22,18492,5503,12989
2023-07-07,14115,4217,9898
2023-12-25,5498,3778,1720
2023-04-29,18903,3585,15318
2023-05-17,5880,8899,-3019
2023-11-09,19364,5809,13555
2023-05-20,8581,5669,2912
2023-07-09,7930,7348,582
2023-07-15,19278,8546,10732
2023-09-08,19068,9867,9201
2023-03-11,7880,5763,2117
2023-01-21,12622,5411,7211
2023-04-15,15319,9927,5392
2023-03-06,5583,5186,397
2023-11-03,11083,8040,3043
2023-05-23,6113,7057,-944
2023-11-11,17802,6869,10933
2023-09-29,8664,7241,1423
2023-03-15,14437,8987,5450
2023-01-14,15022,6800,8222
2023-08-27,19980,9825,10155
2023-06-25,15455,5206,10249
2023-08-15,7615,2985,4630
2023-10-29,10432,4376,6056
2023-02-15,10675,3033,7642
2023-12-20,9279,2484,6795
2023-02-02,9967,4995,4972
2023-01-10,13240,8832,4408
2023-11-16,13673,6489,7184
2023-03-03,19650,4095,15555
2023-10-09,10740,7106,3634
2023-04-20,6820,8916,-2096
2023-01-23,10570,6079,4491
2023-02-22,12721,9323,3398
2023-07-22,13468,7662,5806
2023-03-03,19148,6052,13096
2023-08-22,7144,9225,-2081
2023-09-28,13099,4641,8458
2023-11-12,17344,8341,9003
2023-09-06,5442,8244,-2802
2023-04-01,12122,8923,3199
2023-09-13,14189,4095,10094
2023-05-01,19677,3937,15740
2023-05-03,19412,3765,15647
2023-01-08,6942,4906,2036
2023-08-31,16801,3397,13404
2023-10-06,9409,4144,5265
2023-07-02,13518,3627,9891
2023-05-31,11348,9186,2162
2023-07-10,8212,2614,5598
2023-07-12,14499,9169,5330
2023-02-16,5996,6545,-549
2023-02-14,10674,7932,2742
2023-09-30,7184,9905,-2721
2023-12-01,7593,6719,874
2023-06-12,8479,8325,154
2023-09-01,10162,9966,196
2023-04-08,12300,2354,9946
2023-06-07,5330,5168,162
2023-10-16,5549,6167,-618
2023-02-05,19739,6206,13533
2023-03-12,18114,3968,14146
2023-03-05,6540,3142,3398
2023-09-27,19232,4641,14591
2023-07-25,16317,7503,8814
2023-11-19,8656,7935,721
2023-04-15,15689,5390,10299
2023-01-22,16316,2850,13466
2023-03-11,10747,9517,1230
2023-12-08,17570,5856,11714
2023-03-19,8995,3393,5602
2023-04-29,7771,4987,2784
2023-12-30,12041,4118,7923
2023-01-17,9736,5200,4536
2023-08-29,17718,6643,11075
2023-11-22,12728,2935,9793
2023-11-22,6882,8061,-1179
2023-01-11,11239,3780,7459
2023-09-05,9327,7363,1964
2023-03-10,14376,9029,5347
2023-08-07,8830,5903,2927
2023-02-25,11519,8584,2935
2023-03-22,5050,2158,2892
2023-10-25,19198,9363,9835
2023-05-21,11195,5740,5455
2023-11-06,8412,9918,-1506
2023-02-22,17741,3054,14687
2023-10-11,12193,8620,3573
2023-01-05,7795,5103,2692
2023-03-26,15517,5421,10096
2023-09-18,18313,2460,15853
2023-07-14,7838,8330,-492
2023-01-18,7996,2490,5506
2023-06-16,15003,6742,8261
2023-08-15,11047,3575,7472
2023-10-03,8404,6249,2155
2023-10-20,10616,6049,4567
2023-04-04,16825,8723,8102
2023-04-21,11000,2920,8080
2023-05-20,10902,7135,3767
2023-11-21,16945,3744,13201
2023-05-17,6451,9488,-3037
2023-05-28,16213,7708,8505
2023-07-09,18395,3468,14927
2023-08-05,13059,6772,6287
2023-05-08,14819,7174,7645
2023-03-13,18022,8141,9881
2023-02-07,8970,3425,5545
2023-07-08,13801,5024,8777
2023-03-09,13465,7374,6091
2023-01-25,11600,2892,8708
2023-07-19,14662,9940,4722
2023-07-24,6878,8129,-1251
2023-11-16,8201,4929,3272
2023-07-11,6355,3380,2975
2023-01-30,7385,7239,146
2023-02-10,6170,5837,333
2023-12-19,5493,6252,-759
2023-06-17,7228,9873,-2645
2023-10-09,6098,5040,1058
2023-01-10,16761,3130,13631
2023-05-11,13901,8627,5274
2023-01-23,8041,8957,-916
2023-04-05,19185,7713,11472
2023-05-25,6068,9926,-3858
2023-07-27,17923,2599,15324
2023-01-22,16103,2223,13880
2023-07-03,13074,2004,11070
2023-04-07,7488,3615,3873
2023-10-03,13675,6690,6985
2023-12-13,11587,9392,2195
2023-12-05,13643,7840,5803
2023-02-06,9408,2042,7366
2023-08-04,14037,6039,7998
2023-07-31,9774,8081,1693
2023-04-05,18464,5035,13429
2023-01-03,7169,3169,4000
2023-09-25,15587,5146,10441
2023-06-16,9683,4549,5134
2023-01-29,15502,2512,12990
2023-10-02,12704,6627,6077
2023-01-19,15230,4947,10283
2023-02-25,5298,4261,1037
2023-08-09,5611,7683,-2072
2023-10-17,11135,2519,8616
2023-10-06,10773,9846,927
2023-06-12,8000,9018,-1018
2023-06-16,8586,2025,6561
2023-08-24,16988,2892,14096
2023-10-27,13747,6305,7442
2023-06-25,17922,3495,14427
2023-05-03,14220,5166,9054
2023-04-27,9378,3460,5918
2023-12-12,9695,5787,3908
2023-08-30,10221,3756,6465
2023-12-18,19481,2331,17150
2023-10-12,8732,2465,6267
2023-05-17,16209,8234,7975
2023-02-19,15757,5561,10196
2023-02-10,18107,8610,9497
2023-07-23,6141,2251,3890
2023-09-04,7053,7119,-66
2023-03-02,14636,8069,6567
2023-09-10,13111,3134,9977
2023-05-25,9022,6498,2524
2023-03-16,19872,2661,17211
2023-05-21,12803,5916,6887
2023-04-19,15451,4698,10753
2023-12-19,9212,9756,-544
2023-10-10,12872,2792,10080
2023-05-25,14637,2341,12296
2023-07-21,11151,4538,6613
2023-03-02,19458,7334,12124
2023-01-16,9282,3964,5318
2023-12-03,12907,9100,3807
2023-01-23,6737,5182,1555
2023-10-26,9634,8900,734
2023-09-23,6294,6273,21
2023-06-24,18122,9009,9113
2023-05-13,14655,5050,9605
2023-11-15,10975,5764,5211
2023-03-24,19592,9530,10062
2023-09-08,13570,4054,9516
2023-11-22,7018,6044,974
2023-02-11,14261,6094,8167
2023-07-25,17999,2315,15684
2023-03-17,5704,5067,637
2023-04-24,7092,9160,-2068
2023-04-04,9397,9274,123
2023-11-07,9016,3046,5970
2023-12-26,6523,3027,3496
2023-05-13,18341,7607,10734
2023-07-08,8392,3583,4809
2023-07-25,10648,3488,7160
2023-08-01,5152,5002,150
2023-12-19,16574,7324,9250
2023-03-19,14680,6920,7760
2023-07-30,11011,2628,8383
2023-04-30,16796,8937,7859
2023-07-23,19760,9288,10472
2023-12-26,19291,2501,16790
2023-03-07,5113,5932,-819
2023-07-16,8731,8103,628
2023-04-13,14107,4413,9694
2023-12-10,9807,2884,6923
2023-01-06,18398,3247,15151
2023-11-23,18564,4306,14258
2023-11-09,16017,9151,6866
2023-10-30,17278,6085,11193
2023-12-11,10895,6088,4807
2023-02-01,18453,7311,11142
2023-09-20,8264,8423,-159
2023-06-19,17391,9573,7818
2023-07-05,8149,4425,3724
2023-01-25,8812,7158,1654
2023-06-26,15693,9777,5916
2023-11-01,15093,8595,6498
2023-02-20,8613,5527,3086
2023-12-15,17762,9354,8408
2023-01-31,7321,3077,4244
2023-05-19,11149,7345,3804
2023-10-16,11149,3179,7970
2023-05-08,6206,2701,3505
2023-05-02,19306,3282,16024
2023-01-24,11180,4365,6815
2023-04-02,16850,3420,13430
2023-04-02,15638,6819,8819
2023-02-26,6389,6146,243
2023-03-30,14266,4929,9337
2023-11-21,11315,5989,5326
2023-01-31,10015,6427,3588
2023-01-27,13358,3739,9619
2023-04-07,14668,9063,5605
2023-10-14,7072,9378,-2306
2023-09-07,17367,6151,11216
2023-07-11,6686,8553,-1867
2023-09-17,15955,5488,10467
2023-02-17,10885,3527,7358
2023-04-05,8855,7365,1490
2023-10-18,13950,5001,8949
2023-11-26,13935,4564,9371
2023-06-28,5419,2728,2691
2023-02-21,13238,3739,9499
2023-04-11,14156,2164,11992
2023-08-21,13149,6461,6688
2023-06-11,18930,8472,10458
2023-07-29,12879,9689,3190
2023-02-04,11353,5311,6042
2023-04-20,6894,3608,3286
2023-03-19,19617,3161,16456
2023-10-29,19681,3714,15967
2023-01-08,11454,8291,3163
2023-02-13,10077,4203,5874
2023-01-08,19681,8111,11570
2023-12-12,5482,2051,3431
2023-12-07,18716,6850,11866
2023-05-18,17271,9416,7855
2023-10-16,10942,3859,7083
2023-05-23,17163,3584,13579
2023-10-30,19103,6455,12648
2023-10-29,13774,7225,6549
2023-02-10,9287,8517,770
2023-06-04,13555,4810,8745
2023-11-21,6119,7368,-1249
2023-01-16,7045,4152,2893
2023-12-14,11826,8969,2857
2023-07-25,7240,6713,527
2023-06-05,18104,7454,10650
2023-02-05,9961,8400,1561
2023-04-09,8687,3651,5036
2023-01-31,19277,5495,13782
2023-06-15,14120,2709,11411
2023-10-17,15635,3540,12095
2023-02-21,13726,9179,4547
2023-07-03,6758,9828,-3070
2023-01-25,14177,7551,6626
2023-10-10,14653,5000,9653
2023-09-02,14560,4576,9984
2023-01-15,18142,3415,14727
2023-10-10,16093,9976,6117
2023-04-30,11899,7968,3931
2023-11-15,8594,6633,1961
2023-08-03,18555,3423,15132
2023-12-30,8305,5067,3238
2023-01-19,5167,5900,-733
2023-04-24,18386,2400,15986
2023-08-06,17707,4897,12810
2023-07-02,6599,8747,-2148
2023-08-08,11188,2982,8206
2023-05-30,18400,7167,11233
2023-05-19,14432,3174,11258
2023-04-14,18674,3721,14953
2023-05-04,15984,7129,8855
2023-05-15,13515,6687,6828
2023-10-19,5363,3055,2308
2023-08-08,14587,7218,7369
2023-09-02,9428,2127,7301
2023-08-13,7901,4864,3037
2023-07-11,6213,8942,-2729
2023-02-11,17857,6907,10950
2023-04-25,7703,3116,4587
2023-08-16,11578,4156,7422
2023-04-29,12652,2054,10598
2023-12-15,8275,3419,4856
2023-11-29,16212,8465,7747
2023-07-02,19903,9197,10706
2023-07-27,12512,4963,7549
2023-03-10,12649,7859,4790
2023-12-18,7773,2569,5204
2023-05-18,13222,4074,9148
2023-12-13,12566,8461,4105
2023-11-25,13445,6480,6965
2023-01-05,14583,7579,7004
2023-08-12,9422,5162,4260
2023-07-01,17535,3754,13781
2023-04-20,14713,8230,6483
2023-10-11,12387,5722,6665
2023-05-30,11880,4044,7836
2023-01-11,10832,4372,6460
2023-12-07,14300,6733,7567
2023-03-01,8296,6115,2181
2023-10-28,6879,4932,1947
2023-11-12,10719,6672,4047
2023-03-14,16243,9801,6442
2023-05-14,15499,8312,7187
2023-09-30,7155,3582,3573
2023-08-30,19685,7185,12500
2023-01-11,13118,2377,10741
2023-12-10,13360,2702,10658
2023-07-09,11248,3937,7311
2023-04-13,9790,2962,6828
2023-06-27,7389,3477,3912
2023-01-06,7460,3852,3608
2023-07-23,17582,2117,15465
2023-10-21,10239,5861,4378
2023-01-09,7004,8492,-1488
2023-08-16,15998,2891,13107
2023-01-06,10125,6729,3396
2023-02-26,14468,9801,4667
2023-10-09,8419,7622,797
2023-06-11,12180,9803,2377
2023-11-14,11966,8319,3647
2023-04-02,5795,7850,-2055
2023-12-15,17268,6732,10536
2023-07-14,15836,9680,6156
2023-12-29,13196,9821,3375
2023-03-05,10491,4103,6388
2023-10-06,6392,3540,2852
2023-03-04,9429,6857,2572
2023-04-14,15076,3167,11909
2023-03-04,16086,6069,10017
2023-10-25,6228,5735,493
2023-04-25,5975,8662,-2687
2023-11-19,16565,4629,11936
2023-02-07,5027,7874,-2847
2023-11-23,10580,8203,2377
2023-01-12,17970,2174,15796
2023-04-16,16391,2908,13483
2023-05-19,15728,4223,11505
2023-02-28,9203,6716,2487
2023-04-10,18832,2494,16338
2023-09-23,17336,9135,8201
2023-11-17,19106,2651,16455
2023-03-04,8031,7663,368
2023-06-25,7569,4876,2693
2023-05-12,6126,3762,2364
2023-10-09,8267,8122,145
2023-01-03,8199,3975,4224
2023-05-25,15144,6229,8915
2023-05-16,19687,9498,10189
2023-04-27,19454,8610,10844
2023-12-28,13163,8501,4662
2023-11-16,15432,7965,7467
2023-01-15,12300,8200,4100
2023-12-30,8376,8718,-342
2023-06-21,11728,7185,4543
2023-10-17,15928,3502,12426
2023-08-10,5820,9005,-3185
2023-05-17,7939,8716,-777
2023-06-06,18221,6465,11756
2023-08-17,9878,9090,788
2023-09-05,15746,3383,12363
2023-08-09,11286,6094,5192
2023-05-08,14026,5639,8387
2023-03-20,11738,8088,3650
2023-07-30,9123,8217,906
2023-05-19,18506,9819,8687
2023-04-17,17553,5243,12310
2023-03-22,18537,8518,10019
2023-04-15,14978,8371,6607
2023-11-07,11133,7147,3986
2023-05-26,11599,5849,5750
2023-10-06,17332,2694,14638
2023-02-18,19658,6908,12750
2023-03-22,18957,5758,13199
2023-04-30,5841,7920,-2079
2023-02-03,11236,4934,6302
2023-01-23,19692,4118,15574
2023-08-28,17534,3641,13893
2023-03-20,6767,3691,3076
2023-11-02,16732,5112,11620
2023-02-11,19692,2540,17152
2023-11-23,8254,9857,-1603
2023-12-04,8034,5961,2073
2023-09-04,5380,4239,1141
2023-09-11,9042,5806,3236
2023-12-23,11290,9873,1417
2023-08-17,12605,2650,9955
2023-09-26,17144,4247,12897
2023-10-15,16988,5175,11813
2023-05-09,9437,8284,1153
2023-09-30,8666,6131,2535
2023-09-01,14793,5253,9540
2023-07-18,6271,9032,-2761
2023-03-08,8794,5134,3660
2023-10-09,12758,8025,4733
2023-09-09,17533,3028,14505
2023-11-25,7756,8418,-662
2023-01-07,5272,5325,-53
2023-06-04,6264,3525,2739
2023-04-02,5079,8750,-3671
2023-05-27,6370,7171,-801
2023-02-19,8481,4085,4396
2023-06-14,5137,3730,1407
2023-01-20,19793,4646,15147
2023-08-03,12282,6779,5503
2023-12-19,10500,8636,1864
2023-02-13,13495,3495,10000
2023-07-22,16093,9724,6369
2023-04-30,9427,8530,897
2023-10-05,5557,6513,-956
2023-07-18,18662,5554,13108
2023-12-28,18128,8885,9243
2023-12-21,15824,8316,7508
2023-03-19,17677,7058,10619
2023-04-07,15668,3288,12380
2023-10-20,8863,8714,149
2023-02-25,18402,8891,9511
2023-01-13,15401,8020,7381
2023-01-19,13063,8318,4745
2023-04-07,12370,3347,9023
2023-09-16,15114,4972,10142
2023-12-02,7846,6153,1693
2023-12-19,14868,8447,6421
2023-07-28,7867,9134,-1267
2023-08-19,15974,9434,6540
2023-01-07,11421,8948,2473
2023-01-18,14005,7038,6967
2023-12-18,19056,8084,10972
2023-10-02,17492,3973,13519
2023-11-16,12173,6827,5346
2023-08-08,19966,5027,14939
2023-01-11,8475,5357,3118
2023-03-03,11583,6366,5217
2023-12-30,6826,7369,-543
2023-04-13,16531,5039,11492
2023-01-21,5023,6563,-1540
2023-10-28,5428,4152,1276
2023-01-25,12278,7183,5095
2023-09-23,7985,8443,-458
2023-11-12,9838,2590,7248
2023-07-05,5275,5200,75
2023-03-28,14657,4592,10065
2023-02-01,7618,8404,-786
2023-03-11,18075,7219,10856
2023-11-12,16871,3607,13264
2023-08-24,14180,5612,8568
2023-03-13,7983,9241,-1258
2023-11-28,7300,5706,1594
2023-06-24,10156,2103,8053
2023-07-10,16315,7766,8549
2023-01-10,14931,3033,11898
2023-04-10,18780,6429,12351
2023-12-13,10399,5088,5311
2023-08-30,13082,9302,3780
2023-08-08,17284,2482,14802
2023-09-07,5203,6811,-1608
2023-07-18,13060,4310,8750
2023-11-25,7763,6420,1343
2023-08-15,17559,3301,14258
2023-03-10,11354,8041,3313
2023-01-20,9858,7771,2087
2023-02-13,5696,4847,849
2023-03-30,19478,3829,15649
2023-11-08,17401,6424,10977
2023-12-18,7683,5812,1871
2023-10-15,19516,2518,16998
2023-11-18,13782,6471,7311
2023-11-01,8941,6053,2888
2023-02-04,13860,2361,11499
2023-05-02,11343,4703,6640
2023-02-17,7908,6961,947
2023-01-19,17733,8339,9394
2023-11-06,16238,7692,8546
2023-03-04,8559,8837,-278
2023-07-20,13533,2148,11385
2023-08-10,12950,6626,6324
2023-03-03,15219,4293,10926
2023-04-06,6988,8089,-1101
2023-08-02,10151,8993,1158
2023-01-23,11355,4677,6678
2023-03-20,14326,8609,5717
2023-07-30,18411,6070,12341
2023-02-19,5824,4026,1798
2023-07-05,18365,9286,9079
2023-12-03,6435,3716,2719
2023-03-14,14284,8196,6088
2023-01-08,14776,7634,7142
2023-01-16,10533,7557,2976
2023-02-22,10897,8975,1922
2023-12-04,14651,3692,10959
2023-10-19,15741,5003,10738
2023-05-30,12630,2519,10111
2023-11-21,13897,5817,8080
2023-02-12,14899,3024,11875
2023-11-02,12804,9371,3433
2023-03-27,11602,9467,2135
2023-01-13,11132,8398,2734
2023-09-13,11375,3609,7766
2023-08-05,6431,6876,-445
2023-12-13,9247,4713,4534
2023-08-26,7409,3394,4015
2023-01-12,19414,4369,15045
2023-08-29,19118,4021,15097
2023-10-18,18908,8958,9950
2023-02-04,16498,2742,13756
2023-09-15,11770,2247,9523
2023-12-17,19044,5267,13777
2023-01-18,7639,8038,-399
2023-03-08,17589,9973,7616
2023-11-08,7715,9133,-1418
2023-02-17,12590,8311,4279
2023-07-27,6911,3184,3727
2023-11-16,8956,2556,6400
2023-06-02,14681,8525,6156
2023-04-12,5857,6800,-943
2023-12-06,5981,7334,-1353
2023-11-27,17851,2993,14858
2023-08-01,8858,4661,4197
2023-04-23,9841,3661,6180
2023-01-24,9927,8022,1905
2023-11-19,19746,5933,13813
2023-09-20,15330,8360,6970
2023-03-30,17091,5969,11122
2023-05-03,16939,8341,8598
2023-08-16,5362,8960,-3598
2023-04-29,14716,2137,12579
2023-12-02,12142,9486,2656
2023-08-18,8027,7112,915
2023-01-08,6877,7006,-129
2023-03-13,19743,8241,11502
2023-12-12,11598,9270,2328
2023-07-03,8459,8051,408
2023-02-04,7563,4690,2873
2023-08-14,19538,6841,12697
2023-06-27,5638,3407,2231
2023-07-02,14505,7247,7258
2023-07-28,12109,5015,7094
2023-07-22,12980,9458,3522
2023-08-29,9708,6218,3490
2023-02-18,13847,5340,8507
2023-06-18,7379,4424,2955
2023-01-16,15945,8660,7285
2023-02-03,10191,5867,4324
2023-10-30,8543,2933,5610
2023-06-08,6095,2870,3225
2023-04-12,14866,3526,11340
2023-08-14,14420,6411,8009
2023-07-30,6998,9119,-2121
2023-04-19,14758,8164,6594
2023-11-04,9213,6625,2588
2023-12-24,11801,7018,4783
2023-12-21,18084,5994,12090
2023-02-02,16047,8033,8014
2023-12-25,19283,2203,17080
2023-05-21,14628,3772,10856
2023-03-28,15184,4012,11172
2023-09-01,15589,4291,11298
2023-03-31,5659,8656,-2997
2023-11-24,5879,5146,733
2023-05-28,19510,4533,14977
2023-05-24,12371,4425,7946
2023-12-17,13767,7751,6016
2023-06-05,13852,3902,9950
2023-01-02,19300,4325,14975
2023-03-07,9542,7636,1906
2023-07-01,14890,6802,8088
2023-12-01,8196,2085,6111
2023-10-04,10444,4277,6167
2023-05-04,10331,8730,1601
2023-11-05,6228,4358,1870
2023-09-27,12848,7466,5382
2023-12-06,8689,3220,5469
2023-05-20,13362,9323,4039
2023-01-25,19163,2056,17107
2023-10-07,13921,7120,6801
2023-11-16,11444,2535,8909
2023-11-30,16611,8544,8067
2023-02-25,12766,3796,8970
2023-07-22,5521,4637,884
2023-10-12,5682,5498,184
2023-01-07,19676,9859,9817
2023-01-24,6949,2344,4605
2023-12-20,10180,9914,266
2023-05-02,6971,9714,-2743
2023-04-06,7171,3587,3584
2023-08-24,16580,6599,9981
2023-08-07,6801,5786,1015
2023-09-13,12724,7950,4774
2023-06-06,7920,4369,3551
2023-12-26,16123,7094,9029
2023-06-25,18755,4845,13910
2023-11-23,19377,6725,12652
2023-11-20,13871,8514,5357
2023-05-18,11199,5094,6105
2023-06-12,7307,9873,-2566
2023-05-08,11301,4319,6982
2023-09-11,17265,3319,13946
2023-11-01,16788,9401,7387
2023-07-17,19077,2778,16299
2023-07-03,7985,2010,5975
2023-10-13,16060,2585,13475
2023-11-12,9609,9725,-116
2023-05-10,12562,5880,6682
2023-10-29,10836,2774,8062
2023-11-23,5072,2934,2138
2023-04-16,17250,5311,11939
2023-12-27,8287,5514,2773
2023-04-19,8939,2296,6643
2023-09-22,19527,6232,13295
2023-08-29,10034,4692,5342
2023-03-21,17590,2349,15241
2023-05-08,6254,2270,3984
2023-07-25,7656,9551,-1895
2023-06-15,6226,7002,-776
2023-01-03,9270,6142,3128
2023-06-25,8287,4575,3712
2023-03-13,14591,7720,6871
2023-04-10,5946,8056,-2110
2023-11-16,10343,3796,6547
2023-11-17,17070,9414,7656
2023-02-03,19493,7296,12197
2023-08-05,11332,2859,8473
2023-09-27,18785,4415,14370
2023-01-18,10161,6176,3985
2023-05-10,11166,5164,6002
2023-02-13,14626,6168,8458
2023-04-15,15587,8676,6911
2023-02-07,12302,8423,3879
2023-01-25,6115,4489,1626
2023-09-03,14983,7608,7375
2023-06-13,7766,6982,784
2023-09-26,15072,4149,10923
2023-07-14,5100,4336,764
2023-04-04,18119,7100,11019
2023-01-23,19285,5749,13536
2023-06-03,19735,6532,13203
2023-01-10,18883,8181,10702
2023-05-21,9019,3152,5867
2023-09-23,11288,5429,5859
2023-09-29,7970,9428,-1458
2023-05-24,11587,4187,7400
2023-12-02,17073,2752,14321
2023-02-05,14472,2091,12381
2023-01-31,8512,4064,4448
2023-02-06,9668,2564,7104
2023-10-12,16423,2612,13811
2023-10-12,8408,9108,-700
2023-10-03,17407,3543,13864
2023-05-22,14512,4078,10434
2023-02-06,8314,8293,21
2023-10-28,10605,9242,1363
2023-03-16,15614,3764,11850
2023-08-10,18559,4786,13773
2023-04-14,13121,7742,5379
2023-12-17,13558,5567,7991
2023-10-16,14145,2025,12120
2023-11-20,15904,6826,9078
2023-09-02,11550,8891,2659
2023-06-02,19079,9666,9413
2023-09-22,9415,7071,2344
2023-10-18,19051,6902,12149
2023-10-06,17723,8703,9020
2023-10-05,12972,6584,6388
2023-01-18,18861,4776,14085
2023-07-08,12960,2574,10386
2023-07-23,18816,3589,15227
2023-05-11,12544,2819,9725
2023-09-26,9682,9173,509
2023-10-14,17964,2967,14997
2023-03-03,9454,3098,6356
2023-12-05,18945,8708,10237
2023-06-05,13521,3507,10014
2023-08-09,9670,5186,4484
2023-12-16,7469,4634,2835
2023-02-11,11874,6893,4981
2023-12-15,9086,5409,3677
2023-07-03,7507,8134,-627
2023-01-08,8395,6962,1433
2023-03-30,14638,8399,6239
2023-12-12,12500,7647,4853
2023-07-15,14181,6464,7717
2023-03-15,5696,2393,3303
2023-07-26,5416,7152,-1736
2023-01-04,5178,7249,-2071
2023-09-17,10649,9435,1214
2023-07-05,18580,6555,12025
2023-02-20,8999,4175,4824
2023-06-26,9875,5496,4379
2023-08-11,7204,7540,-336
2023-08-30,15185,4516,10669
2023-04-21,11137,6477,4660
2023-01-16,19074,5318,13756
2023-09-17,14049,6272,7777
2023-06-05,11352,9522,1830
2023-02-14,13154,3383,9771
2023-10-12,19923,5314,14609
2023-01-21,7036,7126,-90
2023-11-25,9020,5293,3727
2023-02-05,8804,8942,-138
2023-07-18,16139,4280,11859
2023-09-12,18535,2284,16251
2023-10-25,10501,3131,7370
2023-09-19,10884,8327,2557
2023-04-21,11154,4411,6743
2023-11-19,11034,9815,1219
2023-04-10,18749,8271,10478
2023-06-16,5924,9531,-3607
2023-01-08,9317,6146,3171
2023-05-25,8514,9469,-955
2023-07-24,19989,2120,17869
2023-11-03,10668,6176,4492
2023-07-20,7834,9401,-1567
2023-07-05,15990,3102,12888
2023-03-13,15667,4949,10718
2023-04-09,5883,4887,996
2023-06-19,12991,4581,8410
2023-03-16,10210,3964,6246
2023-06-26,7527,3257,4270
2023-10-13,8305,8628,-323
2023-04-06,8614,3300,5314
2023-10-27,8296,9184,-888
2023-04-10,11378,4006,7372
2023-08-19,6497,5695,802
2023-05-03,17663,8760,8903
2023-09-04,6264,7752,-1488
2023-06-10,19883,9138,10745
2023-04-30,6900,2598,4302
2023-02-01,8579,8453,126
2023-10-30,13003,9313,3690
2023-11-15,18017,3011,15006
2023-06-18,13813,3830,9983
2023-12-09,9664,5765,3899
2023-12-10,18717,8838,9879
2023-11-26,17831,7175,10656
2023-05-22,12064,6503,5561
2023-10-25,16024,5310,10714
2023-04-28,15296,9219,6077
2023-01-27,10906,6012,4894
2023-07-15,10344,4689,5655
2023-07-23,15631,7707,7924
2023-07-28,13580,5497,8083
2023-01-04,6043,4092,1951
2023-06-07,6449,3477,2972
2023-03-07,17234,2080,15154
2023-07-31,15046,3364,11682
2023-02-16,18124,6796,11328
2023-04-12,14334,3348,10986
2023-03-20,5685,7321,-1636
2023-07-26,9167,2437,6730
2023-04-12,14966,9404,5562
2023-09-21,11946,6774,5172
2023-06-08,19521,9322,10199
2023-10-28,13479,8789,4690
2023-02-04,12405,9988,2417
2023-10-06,6072,5081,991
2023-12-02,7779,3478,4301
2023-01-15,15014,7467,7547
2023-05-15,6829,5741,1088
2023-08-20,11904,9190,2714
2023-08-17,8686,4023,4663
2023-02-18,12075,9946,2129
2023-03-21,13380,3443,9937
2023-03-15,9461,4443,5018
2023-04-12,13490,5524,7966
2023-05-06,8955,9279,-324
2023-12-17,12566,3191,9375
2023-01-20,15652,5059,10593
2023-10-25,16728,8186,8542
2023-06-02,18294,2985,15309
2023-11-24,9910,2904,7006
2023-04-06,7487,6350,1137
2023-08-02,11438,4341,7097
2023-02-13,10776,3817,6959
2023-07-11,18862,2930,15932
2023-10-18,16436,8348,8088
2023-01-09,18181,2802,15379
2023-08-04,12931,7210,5721
2023-12-28,8466,5406,3060
2023-12-13,19195,8476,10719
2023-08-08,7115,9175,-2060
2023-05-01,5120,6499,-1379
2023-01-22,16230,2885,13345
2023-09-17,12289,3522,8767
2023-05-31,12216,8547,3669
2023-07-01,12034,2107,9927
2023-07-06,7167,3885,3282
2023-11-16,19608,9189,10419
2023-01-30,10746,8942,1804
2023-05-07,15664,9455,6209
2023-10-03,18503,3021,15482
2023-08-01,8701,9554,-853
2023-01-06,6886,8674,-1788
2023-11-22,7636,5636,2000
2023-04-07,18721,4816,13905
2023-11-28,8119,2932,5187
2023-12-03,13570,7106,6464
2023-07-18,7035,4372,2663
2023-12-19,16861,4347,12514
2023-04-30,8330,7747,583
2023-09-02,9482,5794,3688
2023-01-04,5988,4433,1555
2023-11-08,12163,8390,3773
2023-06-28,17089,5953,11136
2023-11-28,13128,9963,3165
2023-02-18,11708,6632,5076
2023-06-24,9280,2022,7258
2023-11-22,9952,6489,3463
2023-03-22,17467,3320,14147
2023-03-06,7260,4114,3146
2023-01-11,9370,4202,5168
2023-08-09,5866,8617,-2751
2023-07-18,5181,3257,1924
2023-09-23,18469,4110,14359
2023-03-06,13123,4582,8541
2023-01-12,6137,3679,2458
2023-01-14,15947,9280,6667
2023-01-26,16330,2129,14201
2023-04-24,14374,5804,8570
2023-08-15,12807,3645,9162
2023-02-13,5756,2274,3482
2023-10-14,8610,2087,6523
2023-11-15,18793,4997,13796
2023-03-13,12887,6602,6285
2023-09-11,11948,7504,4444
2023-11-21,18764,2946,15818
2023-05-29,7595,6671,924
2023-10-18,6962,3734,3228
2023-11-09,13278,4503,8775
2023-02-02,19927,8269,11658
2023-03-16,15362,2266,13096
2023-06-01,19074,9999,9075
2023-12-23,13452,5819,7633
2023-12-19,6320,3787,2533
2023-01-06,5310,6059,-749
2023-07-21,8408,3579,4829
2023-01-23,7725,8562,-837
2023-03-17,9165,4873,4292
2023-02-17,12496,4746,7750
2023-04-01,10914,7448,3466
2023-10-04,14014,4380,9634
2023-05-27,11326,5637,5689
2023-07-23,12756,4843,7913
2023-11-17,12479,2816,9663
2023-11-09,16095,8790,7305
2023-11-02,6895,4687,2208
2023-11-01,7521,3283,4238
2023-09-24,5207,2898,2309
2023-02-12,17157,8553,8604
2023-03-10,14458,9134,5324
2023-12-01,9571,3588,5983
2023-01-30,8672,8553,119
2023-03-03,15714,2261,13453
2023-02-09,5592,4237,1355
